% Azimuth (deg) v (m/s) delta_v (m/s)
5.400000 3679.052077 24.426024
15.400000 3728.135191 24.933795
25.400000 3699.617535 24.638193
35.400000 3637.547006 24.000387
45.400000 3631.244586 23.936055
55.400000 3642.815759 24.054229
65.400000 3661.910309 24.249819
75.400000 3717.114987 24.819373
85.400000 3751.491647 25.177102
95.400000 3796.799517 25.652172
105.400000 3793.363499 25.616001
115.400000 3791.076274 25.591937
125.400000 3673.678060 24.370720
135.400000 3665.112212 24.282688
145.400000 3631.244586 23.936055
155.400000 3601.088202 23.629325
165.400000 3651.277584 24.140816
175.400000 3690.930437 24.548468
185.400000 3684.441840 24.481548
195.400000 3701.795702 24.660714
205.400000 3699.617535 24.638193
215.400000 3659.778813 24.227950
225.400000 3631.244586 23.936055
235.400000 3626.009227 23.882675
245.400000 3659.778813 24.227950
255.400000 3717.114987 24.819373
265.400000 3760.466507 25.270883
275.400000 3787.650602 25.555913
285.400000 3802.540067 25.712655
295.400000 3802.540067 25.712655
305.400000 3722.616933 24.876469
315.400000 3648.099797 24.108282
325.400000 3645.984343 24.086635
335.400000 3629.148629 23.914678
345.400000 3659.778813 24.227950
355.400000 3684.441840 24.481548
