% Azimuth (deg) v (m/s) delta_v (m/s)
6.200000 3710.995542 24.929404
16.200000 3743.255396 25.266994
26.200000 3779.509685 25.648871
36.200000 3779.509685 25.648871
46.200000 3766.968326 25.516472
56.200000 3755.639098 25.397139
66.200000 3728.724993 25.114680
76.200000 3687.979917 24.689825
86.200000 3670.634921 24.509975
96.200000 3779.509685 25.648871
106.200000 3815.307058 26.028518
116.200000 3837.584511 26.266074
126.200000 3884.136858 26.765695
136.200000 3828.172900 26.165592
146.200000 3788.683252 25.745916
156.200000 3746.624662 25.302373
166.200000 3723.166369 25.056523
176.200000 3716.517857 24.987046
186.200000 3719.839142 25.021742
196.200000 3739.892183 25.231702
206.200000 3779.509685 25.648871
216.200000 3779.509685 25.648871
226.200000 3766.968326 25.516472
236.200000 3755.639098 25.397139
246.200000 3719.839142 25.021742
256.200000 3693.433895 24.746502
266.200000 3691.250369 24.723804
276.200000 3755.639098 25.397139
286.200000 3815.307058 26.028518
296.200000 3852.977476 26.430799
306.200000 3875.698324 26.674807
316.200000 3852.977476 26.430799
326.200000 3790.983607 25.770278
336.200000 3739.892183 25.231702
346.200000 3716.517857 24.987046
356.200000 3719.839142 25.021742
