% Azimuth (deg) v (m/s) delta_v (m/s)
0.700000 3673.454439 24.441307
10.700000 3654.182454 24.242868
20.700000 3697.286936 24.687728
30.700000 3720.326409 24.927027
40.700000 3770.676692 25.453672
50.700000 3734.733393 25.077202
60.700000 3699.468870 24.710345
70.700000 3682.085169 24.530415
80.700000 3679.923687 24.508085
90.700000 3685.332158 24.563978
100.700000 3740.304296 25.135383
110.700000 3770.676692 25.453672
120.700000 3815.429093 25.926008
130.700000 3852.950215 26.325101
140.700000 3787.764350 25.633551
150.700000 3767.277644 25.417960
160.700000 3722.535629 24.950028
170.700000 3690.756550 24.620093
180.700000 3657.380397 24.275745
190.700000 3662.722758 24.330714
200.700000 3665.935673 24.363800
210.700000 3729.179060 25.019256
220.700000 3708.222419 24.801177
230.700000 3743.654822 25.170405
240.700000 3702.746604 24.744339
250.700000 3685.332158 24.563978
260.700000 3648.864959 24.188246
270.700000 3657.380397 24.275745
280.700000 3725.854383 24.984600
290.700000 3776.355422 25.513386
300.700000 3834.097859 26.124227
310.700000 3855.319803 26.350399
320.700000 3794.642857 25.706125
330.700000 3776.355422 25.513386
340.700000 3734.733393 25.077202
350.700000 3720.326409 24.927027
