% Azimuth (deg) v (m/s) delta_v (m/s)
0.700000 2034.978088 10.215424
10.700000 1929.736802 9.484641
20.700000 1858.508746 9.002573
30.700000 1878.277154 9.135350
40.700000 1882.790209 9.165772
50.700000 1880.530973 9.150538
60.700000 1873.225758 9.101348
70.700000 1933.009559 9.507034
80.700000 2015.027322 10.075192
90.700000 2015.027322 10.075192
100.700000 1917.635362 9.402025
110.700000 1855.483203 8.982321
120.700000 1798.264487 8.602740
130.700000 1808.902034 8.672814
140.700000 1831.896552 8.825059
150.700000 1853.288987 8.967644
160.700000 1914.122137 9.378096
170.700000 2021.199420 10.118490
180.700000 2024.790052 10.143714
190.700000 1933.009559 9.507034
200.700000 1869.036971 9.073191
210.700000 1862.927192 9.032183
220.700000 1878.277154 9.135350
230.700000 1865.977080 9.052644
240.700000 1877.714542 9.131561
250.700000 1936.592524 9.531573
260.700000 2012.762883 10.059325
270.700000 2012.762883 10.059325
280.700000 1905.395137 9.318760
290.700000 1834.845602 8.844661
300.700000 1807.076967 8.660776
310.700000 1820.987654 8.752701
320.700000 1845.106696 8.913000
330.700000 1863.757990 9.037755
340.700000 1925.291769 9.454261
350.700000 2035.969471 10.222413
