% Azimuth (deg) v (m/s) delta_v (m/s)
5.400000 1780.404927 8.460295
15.400000 1814.312509 8.682572
25.400000 1818.247542 8.708516
35.400000 1850.625460 8.923152
45.400000 1852.533883 8.935868
55.400000 1851.715506 8.930414
65.400000 1846.007046 8.892409
75.400000 1829.623163 8.783688
85.400000 1807.531982 8.637940
95.400000 1793.865906 8.548263
105.400000 1790.545351 8.526530
115.400000 1787.745237 8.508219
125.400000 1793.354250 8.544913
135.400000 1802.867384 8.607289
145.400000 1802.867384 8.607289
155.400000 1827.761628 8.771369
165.400000 1848.177543 8.906852
175.400000 1824.314522 8.748576
185.400000 1793.865906 8.548263
195.400000 1813.527545 8.677400
205.400000 1822.463768 8.736347
215.400000 1847.363009 8.901431
225.400000 1827.761628 8.771369
235.400000 1826.964986 8.766099
245.400000 1829.090909 8.780165
255.400000 1815.098152 8.687749
265.400000 1804.160689 8.615783
275.400000 1804.160689 8.615783
285.400000 1771.875440 8.404740
295.400000 1804.160689 8.615783
305.400000 1818.510484 8.710250
315.400000 1827.761628 8.771369
325.400000 1837.644308 8.836848
335.400000 1848.177543 8.906852
345.400000 1869.332541 9.048113
355.400000 1822.463768 8.736347
