% Azimuth (deg) v (m/s) delta_v (m/s)
6.200000 1886.044404 9.224521
16.200000 1895.779566 9.290609
26.200000 1871.066826 9.123215
36.200000 1862.693914 9.066777
46.200000 1861.583184 9.059301
56.200000 1900.106512 9.320044
66.200000 1891.185825 9.259401
76.200000 1874.155786 9.144071
86.200000 1839.914543 8.913943
96.200000 1845.079787 8.948507
106.200000 1828.598624 8.838407
116.200000 1826.726156 8.825933
126.200000 1837.748344 8.899463
136.200000 1832.624009 8.865248
146.200000 1852.195194 8.996209
156.200000 1858.535496 9.038799
166.200000 1863.527832 9.072392
176.200000 1877.254961 9.165016
186.200000 1881.497665 9.193720
196.200000 1894.629040 9.282789
206.200000 1874.155786 9.144071
216.200000 1849.178143 8.975970
226.200000 1863.527832 9.072392
236.200000 1896.643378 9.296483
246.200000 1883.768291 9.209097
256.200000 1861.583184 9.059301
266.200000 1838.830805 8.906698
276.200000 1833.700441 8.872431
286.200000 1834.778137 8.879625
296.200000 1829.670330 8.845550
306.200000 1833.700441 8.872431
316.200000 1834.778137 8.879625
326.200000 1849.178143 8.975970
336.200000 1856.325256 9.023943
346.200000 1864.640884 9.079888
356.200000 1873.031348 9.136477
