% Azimuth (deg) v (m/s) delta_v (m/s)
6.200000 2003.449382 10.034192
16.200000 1919.677171 9.453646
26.200000 1913.206680 9.409389
36.200000 1914.379887 9.417407
46.200000 1909.987764 9.387404
56.200000 1902.132521 9.333840
66.200000 1963.134727 9.753055
76.200000 2043.111911 10.313956
86.200000 2029.168021 10.215242
96.200000 1951.476793 9.672364
106.200000 1877.254961 9.165016
116.200000 1832.624009 8.865248
126.200000 1845.079787 8.948507
136.200000 1874.155786 9.144071
146.200000 1927.678296 9.508487
156.200000 1993.852786 9.966974
166.200000 2064.732143 10.467783
176.200000 2066.098610 10.477537
186.200000 1989.088882 9.933675
196.200000 1920.858329 9.461733
206.200000 1909.987764 9.387404
216.200000 1909.987764 9.387404
226.200000 1903.292181 9.341739
236.200000 1904.453256 9.349652
246.200000 1951.476793 9.672364
256.200000 2035.452323 10.259683
266.200000 2032.801563 10.240928
276.200000 1937.849162 9.578385
286.200000 1876.408715 9.159295
296.200000 1837.748344 8.899463
306.200000 1845.898004 8.953987
316.200000 1868.826699 9.108101
326.200000 1925.300648 9.492177
336.200000 1984.347688 9.900579
346.200000 2062.004624 10.448325
356.200000 2066.098610 10.477537
