% Azimuth (deg) v (m/s) delta_v (m/s)
0.700000 1843.478900 8.902145
10.700000 1852.741244 8.963982
20.700000 1849.188791 8.940245
30.700000 1802.141728 8.628255
40.700000 1812.825333 8.698716
50.700000 1843.207880 8.900338
60.700000 1870.152148 9.080683
70.700000 1868.758384 9.071319
80.700000 1861.544172 9.022910
90.700000 1840.502055 8.882307
100.700000 1825.760885 8.784332
110.700000 1811.777457 8.691795
120.700000 1791.327332 8.557164
130.700000 1793.377199 8.570622
140.700000 1797.491039 8.597654
150.700000 1794.403893 8.577365
160.700000 1807.598039 8.664212
170.700000 1824.167030 8.773765
180.700000 1846.193491 8.920250
190.700000 1847.826087 8.931146
200.700000 1852.741244 8.963982
210.700000 1821.781459 8.757958
220.700000 1817.819342 8.731730
230.700000 1831.896552 8.825059
240.700000 1866.810602 9.058239
250.700000 1863.757990 9.037755
260.700000 1842.666079 8.896726
270.700000 1823.636364 8.770248
280.700000 1810.992344 8.686610
290.700000 1793.377199 8.570622
300.700000 1786.477629 8.525359
310.700000 1790.048544 8.548773
320.700000 1790.559840 8.552128
330.700000 1801.364943 8.623141
340.700000 1824.963610 8.779046
350.700000 1835.651537 8.850021
